# func series z0 z dz logN dlogN b db btur dbtur resol chi2r snr id
voigt AlIII 2.3888627 2.3888608 0.0000080 11.687 0.039 9.845 1.068 0.0000000e+00 0.0000000e+00 130000.000 1.811 62.051 97.0000000
voigt AlIII 2.3892887 2.3893159 0.0000060 12.129 0.020 14.797 0.859 0.0000000e+00 0.0000000e+00 130000.000 1.811 62.051 98.0000000
voigt AlIII 2.3897755 2.3897721 0.0000021 12.522 0.008 13.219 0.277 0.0000000e+00 0.0000000e+00 130000.000 1.997 57.957 99.0000000
voigt CIV 3.1102842 3.1103268 0.0000196 12.282 0.074 11.460 2.013 0.0000000e+00 0.0000000e+00 130000.000 0.894 58.451 0.0000000
voigt CIV 3.1105910 3.1106118 0.0000358 11.844 0.217 9.400 4.468 0.0000000e+00 0.0000000e+00 130000.000 0.894 58.451 1.0000000
voigt CIV 3.1185824 3.1186066 0.0000035 12.697 0.029 6.931 0.352 0.0000000e+00 0.0000000e+00 130000.000 2.090 53.476 2.0000000
voigt CIV 3.1189087 3.1188861 0.0000062 13.006 0.017 14.358 0.634 0.0000000e+00 0.0000000e+00 130000.000 2.090 53.476 3.0000000
voigt CIV 3.1292995 3.1293547 0.0000026 12.530 0.015 6.190 0.264 0.0000000e+00 0.0000000e+00 130000.000 1.493 58.982 4.0000000
voigt CIV 3.1343238 3.1343126 0.0000086 12.284 0.040 8.536 0.991 0.0000000e+00 0.0000000e+00 130000.000 2.026 57.501 5.0000000
voigt CIV 3.1373784 3.1373607 0.0000096 12.725 0.022 18.114 1.203 0.0000000e+00 0.0000000e+00 140000.000 1.681 53.177 121.0000000
voigt CIV 3.1997713 3.1997492 0.0000114 12.191 0.058 7.992 1.277 0.0000000e+00 0.0000000e+00 130000.000 1.746 50.665 6.0000000
voigt CIV 3.2002725 3.2002570 0.0000653 12.412 0.203 15.546 7.073 0.0000000e+00 0.0000000e+00 130000.000 1.746 50.665 8.0000000
voigt CIV 3.2005004 3.2005253 0.0000126 12.527 0.133 8.683 1.255 0.0000000e+00 0.0000000e+00 130000.000 1.746 50.665 7.0000000
voigt CIV 3.2008041 3.2008387 0.0000103 12.185 0.057 7.425 1.276 0.0000000e+00 0.0000000e+00 130000.000 1.746 50.665 9.0000000
voigt CIV 3.2164180 3.2164113 0.0000200 11.835 0.126 6.017 2.175 0.0000000e+00 0.0000000e+00 130000.000 2.778 46.326 11.0000000
voigt CIV 3.2167521 3.2167700 0.0000020 13.254 0.007 10.264 0.198 0.0000000e+00 0.0000000e+00 130000.000 2.778 46.326 10.0000000
voigt CIV 3.2610571 3.2610757 0.0000058 12.624 0.032 9.245 0.584 0.0000000e+00 0.0000000e+00 130000.000 1.382 44.889 12.0000000
voigt CIV 3.2615280 3.2615138 0.0000102 12.919 0.021 19.956 1.258 0.0000000e+00 0.0000000e+00 130000.000 1.382 44.889 13.0000000
voigt CIV 3.2622722 3.2622310 0.0000268 12.541 0.080 13.370 2.478 0.0000000e+00 0.0000000e+00 130000.000 1.382 44.889 14.0000000
voigt CIV 3.2624647 3.2624830 0.0000179 12.184 0.163 7.429 1.629 0.0000000e+00 0.0000000e+00 130000.000 1.382 44.889 30.0000000
voigt CIV 3.2835817 3.2835448 0.0000047 13.245 0.019 13.693 0.386 0.0000000e+00 0.0000000e+00 130000.000 1.424 40.773 15.0000000
voigt CIV 3.2841285 3.2840991 0.0000092 13.763 0.043 19.392 1.037 0.0000000e+00 0.0000000e+00 130000.000 1.424 40.773 16.0000000
voigt CIV 3.2843715 3.2843821 0.0000066 12.965 0.099 8.912 0.824 0.0000000e+00 0.0000000e+00 130000.000 1.424 40.773 17.0000000
voigt CIV 3.2848576 3.2846057 0.0002500 13.006 0.245 42.611 16.655 0.0000000e+00 0.0000000e+00 130000.000 1.424 40.773 18.0000000
voigt CIV 3.2854196 3.2854245 0.0000038 12.702 0.035 8.535 0.526 0.0000000e+00 0.0000000e+00 130000.000 1.424 40.773 19.0000000
voigt CIV 3.5741843 3.5741955 0.0062319 11.970 21.420 28.543 424.903 0.0000000e+00 0.0000000e+00 130000.000 1.637 40.028 22.0000000
voigt CIV 3.5743210 3.5743049 0.0001934 12.851 2.991 19.241 21.913 0.0000000e+00 0.0000000e+00 130000.000 1.637 40.028 21.0000000
voigt SiIV 3.6927288 3.6927279 0.0000244 11.910 0.092 10.043 1.988 0.0000000e+00 0.0000000e+00 130000.000 1.268 48.394 45.0000000
voigt SiIV 3.6930969 3.6930532 0.0000169 12.050 0.090 10.404 2.146 0.0000000e+00 0.0000000e+00 130000.000 1.268 48.394 44.0000000
voigt SiIV 3.6934482 3.6934466 0.0000185 12.040 0.057 12.258 1.826 0.0000000e+00 0.0000000e+00 130000.000 1.268 48.394 43.0000000
voigt SiIV 3.6956233 3.6956237 0.0000090 12.286 0.063 8.144 0.606 0.0000000e+00 0.0000000e+00 130000.000 1.230 42.915 38.0000000
voigt SiIV 3.6959002 3.6958531 0.0000037 12.302 0.117 5.468 0.627 0.0000000e+00 0.0000000e+00 130000.000 1.230 42.915 37.0000000
voigt SiIV 3.6960750 3.6960830 0.0000296 12.569 0.137 16.566 5.545 0.0000000e+00 0.0000000e+00 130000.000 1.230 42.915 39.0000000
voigt SiIV 3.6964097 3.6964035 0.0000063 12.407 0.087 5.902 0.658 0.0000000e+00 0.0000000e+00 130000.000 1.230 42.915 40.0000000
voigt SiIV 3.6966104 3.6966292 0.0000070 12.540 0.064 8.563 1.363 0.0000000e+00 0.0000000e+00 130000.000 1.230 42.915 41.0000000
voigt SiIV 3.6968447 3.6968584 0.0000295 11.834 0.192 6.609 1.832 0.0000000e+00 0.0000000e+00 130000.000 1.230 42.915 42.0000000
voigt CIV 3.7516042 3.7517071 0.0000169 12.563 0.037 15.584 1.647 0.0000000e+00 0.0000000e+00 130000.000 1.457 37.983 79.0000000
voigt CII_1334 3.7523891 3.7523826 0.0000752 12.249 1.134 7.674 9.919 0.0000000e+00 0.0000000e+00 130000.000 6.280 nan 100.0000000
voigt SiIV 3.7524489 3.7524668 0.0000228 11.933 0.106 7.671 1.655 0.0000000e+00 0.0000000e+00 130000.000 1.867 43.107 48.0000000
voigt CII_1334 3.7526939 3.7526650 0.0000632 11.988 1.899 5.152 9.187 0.0000000e+00 0.0000000e+00 130000.000 6.280 nan 101.0000000
voigt CIV 3.7526927 3.7526930 0.0000145 11.988 0.129 4.052 1.238 0.0000000e+00 0.0000000e+00 130000.000 1.457 37.983 87.0000000
voigt SiIV 3.7527969 3.7527555 0.0000408 12.355 0.215 8.639 3.120 0.0000000e+00 0.0000000e+00 130000.000 1.867 43.107 46.0000000
voigt CII_1334 3.7528971 3.7528774 0.0000727 12.283 1.360 7.587 10.200 0.0000000e+00 0.0000000e+00 130000.000 6.280 nan 102.0000000
voigt CIV 3.7529346 3.7529168 0.0000100 12.517 0.056 8.104 1.130 0.0000000e+00 0.0000000e+00 130000.000 1.457 37.983 80.0000000
voigt SiIV 3.7529061 3.7529382 0.0000279 12.272 0.237 6.794 1.493 0.0000000e+00 0.0000000e+00 130000.000 1.867 43.107 49.0000000
voigt SiIV 3.7532787 3.7532236 0.0000239 11.775 0.169 7.052 2.790 0.0000000e+00 0.0000000e+00 130000.000 1.867 43.107 50.0000000
voigt CII_1334 3.7532527 3.7532491 0.0000849 12.193 1.676 7.861 12.589 0.0000000e+00 0.0000000e+00 130000.000 6.280 nan 103.0000000
voigt CII_1334 3.7535236 3.7533973 0.0117642 12.430 13.356 36.214 971.123 0.0000000e+00 0.0000000e+00 130000.000 6.280 nan 104.0000000
voigt CIV 3.7534486 3.7534212 0.0000148 13.236 0.046 17.133 1.138 0.0000000e+00 0.0000000e+00 130000.000 1.457 37.983 81.0000000
voigt SiIV 3.7534819 3.7534703 0.0000145 12.072 0.113 7.705 1.929 0.0000000e+00 0.0000000e+00 130000.000 1.867 43.107 51.0000000
voigt SiIV 3.7538036 3.7537943 0.0000205 12.177 0.125 10.272 3.229 0.0000000e+00 0.0000000e+00 130000.000 1.867 43.107 52.0000000
voigt CII_1334 3.7539639 3.7540268 0.0000503 14.271 0.538 6.714 2.013 0.0000000e+00 0.0000000e+00 130000.000 6.280 nan 105.0000000
voigt SiII_1304,SiII_1260,SiII_1526 3.7539639 3.7540268 0.0000503 13.064 1.036 8.802 2.348 0.0000000e+00 0.0000000e+00 130000.000 6.280 nan 106.0000000
voigt CII_1334 3.7540993 3.7540553 0.0000192 13.429 14.918 15.187 54.437 0.0000000e+00 0.0000000e+00 130000.000 6.280 nan 107.0000000
voigt SiII_1304,SiII_1260,SiII_1526 3.7540993 3.7540553 0.0000192 13.510 0.386 7.442 1.142 0.0000000e+00 0.0000000e+00 130000.000 6.280 nan 108.0000000
voigt SiIV 3.7540915 3.7540804 0.0000518 12.368 0.364 7.032 2.822 0.0000000e+00 0.0000000e+00 130000.000 1.867 43.107 53.0000000
voigt CIV 3.7540835 3.7540906 0.0000242 13.325 0.079 25.903 5.028 0.0000000e+00 0.0000000e+00 130000.000 1.457 37.983 82.0000000
voigt SiIV 3.7542543 3.7542360 0.0000498 12.301 0.602 6.779 3.765 0.0000000e+00 0.0000000e+00 130000.000 1.867 43.107 47.0000000
voigt CII_1334 3.7543025 3.7542867 0.0000073 14.289 11.283 12.513 30.349 0.0000000e+00 0.0000000e+00 130000.000 6.280 nan 109.0000000
voigt SiII_1304,SiII_1260,SiII_1526 3.7543025 3.7542867 0.0000073 13.288 0.161 4.265 0.714 0.0000000e+00 0.0000000e+00 130000.000 6.280 nan 110.0000000
voigt CII_1334 3.7544380 3.7544119 0.0000206 13.247 259.871 24.896 2220.249 0.0000000e+00 0.0000000e+00 130000.000 6.280 nan 111.0000000
voigt SiII_1304,SiII_1260,SiII_1526 3.7544380 3.7544119 0.0000206 12.804 0.528 4.330 2.365 0.0000000e+00 0.0000000e+00 130000.000 6.280 nan 112.0000000
voigt SiIV 3.7544133 3.7544224 0.0000308 12.799 0.094 11.574 1.430 0.0000000e+00 0.0000000e+00 130000.000 1.867 43.107 54.0000000
voigt CIV 3.7544464 3.7544903 0.0000146 12.456 0.277 8.822 2.432 0.0000000e+00 0.0000000e+00 130000.000 1.457 37.983 88.0000000
voigt CII_1334 3.7545565 3.7546145 0.0002452 13.588 120.851 17.121 1754.770 0.0000000e+00 0.0000000e+00 130000.000 6.280 nan 113.0000000
voigt SiII_1304,SiII_1260,SiII_1526 3.7545565 3.7546145 0.0002452 12.966 4.895 11.129 30.294 0.0000000e+00 0.0000000e+00 130000.000 6.280 nan 114.0000000
voigt CII_1334 3.7547089 3.7546449 0.0002080 14.134 21.478 9.936 90.098 0.0000000e+00 0.0000000e+00 130000.000 6.280 nan 115.0000000
voigt SiII_1304,SiII_1260,SiII_1526 3.7547089 3.7546449 0.0002080 13.624 1.199 16.679 5.454 0.0000000e+00 0.0000000e+00 130000.000 6.280 nan 116.0000000
voigt CIV 3.7548092 3.7548556 0.0000169 12.471 0.090 10.431 1.428 0.0000000e+00 0.0000000e+00 130000.000 1.457 37.983 83.0000000
voigt SiIV 3.7548874 3.7548716 0.0000035 12.278 0.019 6.099 0.316 0.0000000e+00 0.0000000e+00 130000.000 1.867 43.107 55.0000000
voigt CII_1334 3.7550476 3.7549687 0.0000378 14.026 1.312 7.252 4.880 0.0000000e+00 0.0000000e+00 130000.000 6.280 nan 119.0000000
voigt SiII_1304,SiII_1260,SiII_1526 3.7550476 3.7549687 0.0000378 12.080 8.959 8.212 18.684 0.0000000e+00 0.0000000e+00 130000.000 6.280 nan 120.0000000
voigt CII_1334 3.7549290 3.7549860 0.0000161 12.813 30.093 10.492 192.087 0.0000000e+00 0.0000000e+00 130000.000 6.280 nan 117.0000000
voigt SiII_1304,SiII_1260,SiII_1526 3.7549290 3.7549860 0.0000161 13.168 0.628 6.707 1.973 0.0000000e+00 0.0000000e+00 130000.000 6.280 nan 118.0000000
voigt CIV 3.7591329 3.7591408 0.0000273 12.274 0.071 13.913 2.782 0.0000000e+00 0.0000000e+00 130000.000 1.457 37.983 90.0000000
voigt CIV 3.7595561 3.7595785 0.0000120 12.191 0.064 6.737 1.087 0.0000000e+00 0.0000000e+00 130000.000 1.457 37.983 91.0000000
voigt CIV 3.7600097 3.7601026 0.0000197 12.056 0.083 8.795 1.888 0.0000000e+00 0.0000000e+00 130000.000 1.457 37.983 89.0000000
voigt CIV 3.7608865 3.7609230 0.0000236 12.884 0.029 27.934 2.261 0.0000000e+00 0.0000000e+00 130000.000 1.457 37.983 84.0000000
voigt CIV 3.7616122 3.7616244 0.0000074 12.714 0.044 8.308 0.657 0.0000000e+00 0.0000000e+00 130000.000 1.457 37.983 85.0000000
voigt SiIV 3.7616420 3.7616335 0.0000045 12.206 0.022 6.644 0.409 0.0000000e+00 0.0000000e+00 130000.000 1.667 43.369 56.0000000
voigt SiIV 3.7620120 3.7619980 0.0000058 12.216 0.022 8.545 0.531 0.0000000e+00 0.0000000e+00 130000.000 1.667 43.369 57.0000000
voigt CIV 3.7620052 3.7620061 0.0000152 12.863 0.032 15.739 1.368 0.0000000e+00 0.0000000e+00 130000.000 1.457 37.983 86.0000000
voigt CIV 3.8017544 3.8017616 0.0000049 12.430 0.025 6.159 0.436 0.0000000e+00 0.0000000e+00 130000.000 1.014 37.614 23.0000000
voigt CIV 3.8029999 3.8030259 0.0000081 12.574 0.029 9.429 0.796 0.0000000e+00 0.0000000e+00 130000.000 1.350 39.445 24.0000000
voigt CIV 3.8551607 3.8551592 0.0000067 12.610 0.024 9.237 0.591 0.0000000e+00 0.0000000e+00 130000.000 1.448 37.590 92.0000000
voigt SiIV 3.8622661 3.8622743 0.0000066 11.924 0.032 6.707 0.579 0.0000000e+00 0.0000000e+00 130000.000 1.354 45.305 59.0000000
voigt CIV 3.8622960 3.8623077 0.0000070 12.640 0.027 9.688 0.657 0.0000000e+00 0.0000000e+00 130000.000 1.448 37.590 29.0000000
voigt SiIV 3.8634274 3.8634071 0.0000164 11.949 0.072 7.553 1.431 0.0000000e+00 0.0000000e+00 130000.000 2.611 43.137 60.0000000
voigt CIV 3.8635964 3.8635928 0.0000324 11.861 0.178 7.701 3.139 0.0000000e+00 0.0000000e+00 130000.000 1.448 37.590 93.0000000
voigt SiIV 3.8636353 3.8636634 0.0000145 11.935 0.073 6.722 1.263 0.0000000e+00 0.0000000e+00 130000.000 2.611 43.137 61.0000000
voigt CIV 3.8644072 3.8643986 0.0000040 13.201 0.019 11.745 0.387 0.0000000e+00 0.0000000e+00 130000.000 1.448 37.590 25.0000000
voigt SiIV 3.8644248 3.8644571 0.0000125 12.369 0.035 12.662 1.212 0.0000000e+00 0.0000000e+00 130000.000 4.201 42.919 58.0000000
voigt CIV 3.8651666 3.8648263 0.0000599 13.382 0.031 101.103 7.505 0.0000000e+00 0.0000000e+00 130000.000 1.448 37.590 26.0000000
voigt SiIV 3.8648486 3.8648522 0.0000238 11.706 0.211 5.843 2.279 0.0000000e+00 0.0000000e+00 130000.000 4.201 42.919 62.0000000
voigt CIV 3.8651970 3.8650738 0.0000139 13.279 0.033 23.851 1.790 0.0000000e+00 0.0000000e+00 130000.000 1.448 37.590 28.0000000
voigt SiIV 3.8651779 3.8651664 0.0000123 12.551 0.042 13.109 1.619 0.0000000e+00 0.0000000e+00 130000.000 4.201 42.919 63.0000000
voigt SiIV 3.8656285 3.8656167 0.0000051 12.770 0.025 8.739 0.446 0.0000000e+00 0.0000000e+00 130000.000 4.201 42.919 64.0000000
voigt CIV 3.8655919 3.8656345 0.0000073 13.113 0.032 12.603 0.585 0.0000000e+00 0.0000000e+00 130000.000 1.448 37.590 27.0000000
voigt SiIV 3.8658885 3.8658904 0.0000128 11.655 0.293 3.877 1.753 0.0000000e+00 0.0000000e+00 130000.000 4.201 42.919 65.0000000
voigt SiIV 3.8661311 3.8660861 0.0000731 12.237 0.149 16.387 5.347 0.0000000e+00 0.0000000e+00 130000.000 4.201 42.919 66.0000000
voigt CIV 3.8877895 3.8877087 0.0000183 12.561 0.031 19.701 1.717 0.0000000e+00 0.0000000e+00 130000.000 1.145 38.853 36.0000000
voigt SiIV 3.8877606 3.8877682 0.0000055 12.116 0.022 7.973 0.491 0.0000000e+00 0.0000000e+00 130000.000 1.398 44.081 73.0000000
voigt CIV 3.8885289 3.8885161 0.0000182 12.492 0.070 11.915 1.405 0.0000000e+00 0.0000000e+00 130000.000 1.145 38.853 31.0000000
voigt SiIV 3.8884642 3.8885421 0.0000057 12.236 0.021 8.968 0.503 0.0000000e+00 0.0000000e+00 130000.000 1.398 44.081 78.0000000
voigt SiIV 3.8889668 3.8889815 0.0000031 12.511 0.072 7.218 0.502 0.0000000e+00 0.0000000e+00 130000.000 1.398 44.081 75.0000000
voigt CIV 3.8890707 3.8890433 0.0000143 12.966 0.032 20.413 1.861 0.0000000e+00 0.0000000e+00 130000.000 1.145 38.853 32.0000000
voigt SiIV 3.8885648 3.8892887 0.0000469 12.404 0.224 17.125 8.654 0.0000000e+00 0.0000000e+00 130000.000 1.398 44.081 74.0000000
voigt OI_1302 3.8894336 3.8894052 0.0000036 14.048 0.028 5.421 0.163 0.0000000e+00 0.0000000e+00 130000.000 2.090 53.476 67.0000000
voigt SiII_1304 3.8894336 3.8894052 0.0000036 12.701 0.108 3.858 0.561 0.0000000e+00 0.0000000e+00 130000.000 2.090 53.476 68.0000000
voigt CII_1334 3.8894336 3.8894052 0.0000036 13.359 0.092 5.408 0.341 0.0000000e+00 0.0000000e+00 130000.000 2.090 53.476 69.0000000
voigt OI_1302 3.8895730 3.8895414 0.0000055 13.967 0.032 6.197 0.238 0.0000000e+00 0.0000000e+00 130000.000 2.090 53.476 70.0000000
voigt SiII_1304 3.8895730 3.8895414 0.0000055 13.424 0.023 8.438 0.352 0.0000000e+00 0.0000000e+00 130000.000 2.090 53.476 71.0000000
voigt CII_1334 3.8895730 3.8895414 0.0000055 14.031 0.022 8.764 0.226 0.0000000e+00 0.0000000e+00 130000.000 2.090 53.476 72.0000000
voigt SiIV 3.8895699 3.8895718 0.0000038 12.480 0.106 7.650 0.707 0.0000000e+00 0.0000000e+00 130000.000 1.398 44.081 76.0000000
voigt CIV 3.8895554 3.8895921 0.0000031 12.953 0.016 8.217 0.297 0.0000000e+00 0.0000000e+00 130000.000 1.145 38.853 33.0000000
voigt CIV 3.8902113 3.8900521 0.0000243 12.901 0.102 11.725 1.240 0.0000000e+00 0.0000000e+00 130000.000 1.145 38.853 34.0000000
voigt SiIV 3.8900390 3.8901043 0.0000095 12.277 0.025 13.008 0.898 0.0000000e+00 0.0000000e+00 130000.000 1.398 44.081 77.0000000
voigt CIV 3.8904024 3.8903608 0.0000293 13.039 0.073 14.176 1.374 0.0000000e+00 0.0000000e+00 130000.000 1.145 38.853 35.0000000
voigt CIV 3.9904645 3.9904355 0.0000111 12.487 0.035 10.318 1.035 0.0000000e+00 0.0000000e+00 130000.000 1.270 35.966 94.0000000
voigt CIV 3.9908878 3.9908775 0.0000052 12.678 0.021 8.066 0.466 0.0000000e+00 0.0000000e+00 130000.000 1.270 35.966 95.0000000
voigt CIV 4.0013190 4.0013538 0.0000207 12.487 0.060 13.504 2.409 0.0000000e+00 0.0000000e+00 130000.000 1.081 37.962 96.0000000
