# func series z0 z dz logN dlogN b db btur dbtur resol chi2r snr id
voigt MgII_2796,MgII_2803 0.9954688 0.9954627 0.0000009 12.149 0.014 4.829 0.182 0.0000000e+00 0.0000000e+00 140000.000 1.796 28.793 5.0000000
voigt MgII_2796,MgII_2803 0.9956529 0.9955817 0.0000009 12.087 0.015 4.658 0.194 0.0000000e+00 0.0000000e+00 140000.000 1.796 28.793 6.0000000
voigt MgII_2796,MgII_2803 0.9958613 0.9958961 0.0000134 11.941 0.077 15.629 3.097 0.0000000e+00 0.0000000e+00 140000.000 1.302 28.805 8.0000000
voigt MgII_2796,MgII_2803 0.9961231 0.9959798 0.0000063 10.999 0.305 2.949 1.668 0.0000000e+00 0.0000000e+00 140000.000 1.302 28.805 7.0000000
voigt MgII_2796,MgII_2803 0.9961064 0.9960299 0.0000000 12.261 0.020 4.827 0.211 0.0000000e+00 0.0000000e+00 140000.000 1.302 28.805 3.0000000
voigt MgII_2796,MgII_2803 0.9961767 0.9961074 0.0000007 11.877 0.020 2.839 0.172 0.0000000e+00 0.0000000e+00 140000.000 1.302 28.805 9.0000000
voigt MgII_2796,MgII_2803 1.3668754 1.3668884 0.0000098 11.830 0.077 10.743 2.222 0.0000000e+00 0.0000000e+00 140000.000 1.424 33.398 39.0000000
voigt MgII_2796,MgII_2803 1.3669873 1.3669894 0.0000018 11.804 0.064 4.154 0.420 0.0000000e+00 0.0000000e+00 140000.000 1.424 33.398 45.0000000
voigt MgII_2796,MgII_2803 1.3672655 1.3671301 0.0000013 12.482 0.011 9.715 0.331 0.0000000e+00 0.0000000e+00 140000.000 1.424 33.398 37.0000000
voigt FeII_2586,FeII_2600 1.3671304 1.3671598 0.0000153 12.578 0.048 26.287 3.757 0.0000000e+00 0.0000000e+00 140000.000 2.428 33.199 29.0000000
voigt FeII_2344,FeII_2382 1.3671751 1.3671700 0.0000709 12.529 0.505 22.753 14.531 0.0000000e+00 0.0000000e+00 140000.000 1.987 28.347 64.0000000
voigt MgII_2796,MgII_2803 1.3673053 1.3672597 0.0000011 12.051 0.020 4.502 0.211 0.0000000e+00 0.0000000e+00 140000.000 1.424 33.398 38.0000000
voigt FeII_2586,FeII_2600 1.8800225 1.8800669 0.0000064 12.169 0.075 5.286 1.101 0.0000000e+00 0.0000000e+00 140000.000 1.773 30.261 74.0000000
voigt FeII_2344,FeII_2382 1.8800889 1.8801604 0.0000000 13.065 0.018 2.768 0.000 0.0000000e+00 0.0000000e+00 140000.000 2.600 34.061 42.0000000
voigt FeII_2586,FeII_2600 1.8800887 1.8801608 0.0000008 13.162 0.014 3.463 0.117 0.0000000e+00 0.0000000e+00 140000.000 1.773 30.261 65.0000000
voigt FeII_2344,FeII_2382 1.8799495 1.8801609 0.0000091 12.705 0.041 11.060 1.008 0.0000000e+00 0.0000000e+00 140000.000 2.600 34.061 57.0000000
voigt FeII_2586,FeII_2600 1.8808547 1.8802788 0.0000024 12.896 0.021 7.758 0.448 0.0000000e+00 0.0000000e+00 140000.000 1.773 30.261 68.0000000
voigt FeII_2344,FeII_2382 1.8802704 1.8802900 0.0000000 12.862 0.066 8.190 0.602 0.0000000e+00 0.0000000e+00 140000.000 2.600 34.061 44.0000000
voigt FeII_2586,FeII_2600 1.8805158 1.8805139 0.0000011 13.507 0.015 9.823 0.238 0.0000000e+00 0.0000000e+00 140000.000 1.773 30.261 67.0000000
voigt FeII_2344,FeII_2382 1.8804723 1.8805146 0.0000012 13.502 0.027 9.221 0.317 0.0000000e+00 0.0000000e+00 140000.000 2.600 34.061 56.0000000
voigt FeII_2344,FeII_2382 1.8809338 1.8806427 0.0000028 12.076 0.105 2.582 0.531 0.0000000e+00 0.0000000e+00 140000.000 2.600 34.061 49.0000000
voigt FeII_2344,FeII_2382 1.8807401 1.8807400 0.0000000 12.081 0.039 1.912 0.000 0.0000000e+00 0.0000000e+00 140000.000 2.600 34.061 48.0000000
voigt FeII_2586,FeII_2600 1.8807385 1.8807413 0.0000000 12.092 0.039 1.955 0.000 0.0000000e+00 0.0000000e+00 140000.000 1.773 30.261 69.0000000
voigt FeII_2586,FeII_2600 1.8810706 1.8807482 0.0000537 12.717 0.104 27.032 4.973 0.0000000e+00 0.0000000e+00 140000.000 1.773 30.261 75.0000000
voigt FeII_2344,FeII_2382 1.8809147 1.8808386 0.0000303 12.472 0.369 14.336 4.989 0.0000000e+00 0.0000000e+00 140000.000 2.600 34.061 59.0000000
voigt FeII_2344,FeII_2382 1.8810597 1.8809136 0.0011037 12.187 1.555 44.976 78.098 0.0000000e+00 0.0000000e+00 140000.000 2.600 34.061 60.0000000
voigt FeII_2586,FeII_2600 1.8809613 1.8809142 0.0000033 11.560 0.107 1.551 0.656 0.0000000e+00 0.0000000e+00 140000.000 1.773 30.261 70.0000000
voigt FeII_2344,FeII_2382 1.8813890 1.8813744 0.0000018 11.926 0.034 2.705 0.294 0.0000000e+00 0.0000000e+00 140000.000 2.101 41.156 50.0000000
voigt FeII_2586,FeII_2600 1.8813971 1.8813749 0.0000025 12.060 0.036 3.647 0.382 0.0000000e+00 0.0000000e+00 140000.000 1.660 34.159 71.0000000
voigt FeII_2344,FeII_2382 1.8820522 1.8820812 0.0000089 12.090 0.063 8.278 1.520 0.0000000e+00 0.0000000e+00 140000.000 3.796 36.587 61.0000000
voigt FeII_2586,FeII_2600 1.8820169 1.8821610 0.0000504 12.497 0.120 24.146 4.349 0.0000000e+00 0.0000000e+00 140000.000 2.281 31.689 72.0000000
voigt FeII_2586,FeII_2600 1.8803027 1.8822679 0.0000018 12.899 0.032 6.909 0.372 0.0000000e+00 0.0000000e+00 140000.000 2.281 31.689 66.0000000
voigt FeII_2344,FeII_2382 1.8822896 1.8822691 0.0000014 12.944 0.010 7.152 0.201 0.0000000e+00 0.0000000e+00 140000.000 3.796 36.587 51.0000000
voigt CIV 2.5912007 2.5911649 0.0000101 12.646 0.032 14.447 1.290 0.0000000e+00 0.0000000e+00 140000.000 1.501 35.660 10.0000000
voigt CIV 2.7555644 2.7556736 0.0000080 12.544 0.035 9.718 0.956 0.0000000e+00 0.0000000e+00 140000.000 1.294 30.063 16.0000000
voigt CIV 2.7733802 2.7729678 0.0000025 13.194 0.065 3.549 0.369 0.0000000e+00 0.0000000e+00 140000.000 1.350 30.256 19.0000000
voigt CIV 2.7729394 2.7729851 0.0000014 13.634 0.021 8.719 0.234 0.0000000e+00 0.0000000e+00 140000.000 1.350 30.256 47.0000000
voigt CIV 2.7734385 2.7733200 0.0000000 13.159 0.043 33.671 3.286 0.0000000e+00 0.0000000e+00 140000.000 1.350 30.256 46.0000000
voigt CIV 2.7734436 2.7734400 0.0000000 11.720 0.138 2.195 0.951 0.0000000e+00 0.0000000e+00 140000.000 1.350 30.256 20.0000000
voigt CIV 2.7737354 2.7737418 0.0000040 12.754 0.040 8.394 0.582 0.0000000e+00 0.0000000e+00 140000.000 1.350 30.256 18.0000000
voigt CIV 2.8521871 2.8521718 0.0000136 12.954 0.053 14.889 1.247 0.0000000e+00 0.0000000e+00 140000.000 1.124 28.728 25.0000000
voigt CIV 2.8526068 2.8526147 0.0000110 13.302 0.029 21.425 1.598 0.0000000e+00 0.0000000e+00 140000.000 1.124 28.728 21.0000000
voigt CIV 2.8531299 2.8531117 0.0000062 12.838 0.030 11.070 0.749 0.0000000e+00 0.0000000e+00 140000.000 1.124 28.728 22.0000000
voigt CIV 2.8582379 2.8582359 0.0000030 12.843 0.018 7.584 0.399 0.0000000e+00 0.0000000e+00 140000.000 1.124 28.728 26.0000000
voigt CIV 2.8591398 2.8591018 0.0000086 12.641 0.031 11.496 0.925 0.0000000e+00 0.0000000e+00 140000.000 1.124 30.196 27.0000000
voigt CIV 2.9746550 2.9745929 0.0000031 13.490 0.007 17.600 0.333 0.0000000e+00 0.0000000e+00 140000.000 2.428 33.199 28.0000000
voigt CIV 2.9902518 2.9902545 0.0000192 12.374 0.050 16.046 2.300 0.0000000e+00 0.0000000e+00 140000.000 1.226 40.785 30.0000000
voigt CIV 2.9907066 2.9907024 0.0000320 12.193 0.082 16.242 3.811 0.0000000e+00 0.0000000e+00 140000.000 1.428 26.272 31.0000000
voigt CIV 3.0599635 3.0599580 0.0000000 13.453 0.013 15.220 0.000 0.0000000e+00 0.0000000e+00 140000.000 1.990 23.417 32.0000000
voigt SiIV 3.0601127 3.0602633 0.0000064 13.056 0.014 19.761 0.695 0.0000000e+00 0.0000000e+00 140000.000 1.251 23.417 15.0000000
voigt SiIV 3.0601677 3.0602990 0.0000018 12.628 0.025 4.027 0.217 0.0000000e+00 0.0000000e+00 140000.000 1.251 26.272 13.0000000
voigt CIV 3.0606889 3.0603092 0.0000058 13.062 0.025 10.276 0.648 0.0000000e+00 0.0000000e+00 140000.000 1.990 26.272 33.0000000
voigt CIV 3.0607874 3.0606437 0.0000037 13.339 0.016 11.276 0.420 0.0000000e+00 0.0000000e+00 140000.000 1.990 23.417 35.0000000
voigt SiIV 3.0606461 3.0606483 0.0000039 12.585 0.028 8.049 0.435 0.0000000e+00 0.0000000e+00 140000.000 1.251 44.215 14.0000000
voigt CIV 3.3295186 3.3295211 0.0000051 12.587 0.021 8.807 0.493 0.0000000e+00 0.0000000e+00 140000.000 1.416 43.717 40.0000000
voigt CIV 3.3302025 3.3301935 0.0000086 12.814 0.018 19.134 1.056 0.0000000e+00 0.0000000e+00 140000.000 0.928 33.484 41.0000000
voigt OVI 4.7597642 4.7599300 0.0000220 12.595 0.080 8.350 2.015 0.0000000e+00 0.0000000e+00 140000.000 1.332 34.422 23.0000000
