# func series z0 z dz logN dlogN b db btur dbtur resol chi2r snr id
voigt FeII_2586,FeII_2600 1.8723747 1.8723847 0.0000038 13.595 0.061 3.701 0.251 0.0000000e+00 0.0000000e+00 140000.000 2.238 20.729 30.0000000
voigt FeII_2344,FeII_2382 1.8723468 1.8724189 0.0000014 14.132 0.067 5.116 0.201 0.0000000e+00 0.0000000e+00 140000.000 5.668 20.462 78.0000000
voigt FeII_2586,FeII_2600 1.8724579 1.8724527 0.0000041 13.534 0.077 3.880 0.620 0.0000000e+00 0.0000000e+00 140000.000 2.238 20.729 34.0000000
voigt FeII_2586,FeII_2600 1.8725411 1.8725620 0.0000131 13.279 0.190 6.952 2.871 0.0000000e+00 0.0000000e+00 140000.000 2.238 20.729 46.0000000
voigt FeII_2344,FeII_2382 1.8726228 1.8726152 0.0000034 13.664 0.021 11.632 0.821 0.0000000e+00 0.0000000e+00 140000.000 5.668 20.462 67.0000000
voigt FeII_2586,FeII_2600 1.8727585 1.8726460 0.0000054 13.261 0.155 4.347 0.629 0.0000000e+00 0.0000000e+00 140000.000 2.238 20.729 31.0000000
voigt FeII_2586,FeII_2600 1.8727295 1.8727567 0.0000014 13.318 0.018 4.759 0.183 0.0000000e+00 0.0000000e+00 140000.000 2.238 20.729 32.0000000
voigt FeII_2344,FeII_2382 1.8727580 1.8727658 0.0000018 13.124 0.044 3.766 0.285 0.0000000e+00 0.0000000e+00 140000.000 5.668 20.462 68.0000000
voigt FeII_2586,FeII_2600 1.8722758 1.8728944 0.0000041 11.868 0.162 3.303 0.914 0.0000000e+00 0.0000000e+00 140000.000 2.238 20.729 45.0000000
voigt FeII_2344,FeII_2382 1.8728885 1.8729003 0.0000037 11.979 0.069 3.036 0.612 0.0000000e+00 0.0000000e+00 140000.000 5.668 20.462 77.0000000
voigt FeII_2344,FeII_2382 1.8731058 1.8730935 0.0000064 12.514 0.123 6.966 1.195 0.0000000e+00 0.0000000e+00 140000.000 5.668 20.462 71.0000000
voigt FeII_2586,FeII_2600 1.8729034 1.8731047 0.0000092 12.594 0.120 11.513 2.057 0.0000000e+00 0.0000000e+00 140000.000 2.238 20.729 33.0000000
voigt FeII_2586,FeII_2600 1.8732608 1.8732603 0.0000108 12.573 0.258 5.202 1.354 0.0000000e+00 0.0000000e+00 140000.000 2.238 20.729 36.0000000
voigt FeII_2344,FeII_2382 1.8733955 1.8734094 0.0000035 13.850 0.031 11.666 0.674 0.0000000e+00 0.0000000e+00 140000.000 5.668 20.462 69.0000000
voigt FeII_2586,FeII_2600 1.8733894 1.8734318 0.0000035 13.999 0.017 12.590 0.731 0.0000000e+00 0.0000000e+00 140000.000 2.238 20.729 35.0000000
voigt FeII_2344,FeII_2382 1.8737626 1.8735245 0.0000180 13.770 0.041 29.312 1.249 0.0000000e+00 0.0000000e+00 140000.000 5.668 20.462 70.0000000
voigt FeII_2586,FeII_2600 1.8736365 1.8736710 0.0000059 13.110 0.073 8.927 1.322 0.0000000e+00 0.0000000e+00 140000.000 2.238 20.729 47.0000000
voigt FeII_2344,FeII_2382 1.8737917 1.8738093 0.0000042 12.282 0.090 3.572 0.736 0.0000000e+00 0.0000000e+00 140000.000 5.668 20.462 85.0000000
voigt FeII_2586,FeII_2600 1.8737974 1.8738121 0.0000064 12.721 0.073 6.486 0.582 0.0000000e+00 0.0000000e+00 140000.000 2.238 20.729 37.0000000
voigt FeII_2586,FeII_2600 1.8742103 1.8742103 0.0000000 11.982 0.121 1.858 0.500 0.0000000e+00 0.0000000e+00 140000.000 2.496 23.624 49.0000000
voigt FeII_2344,FeII_2382 1.8742073 1.8742152 0.0000026 11.774 0.095 1.112 0.611 0.0000000e+00 0.0000000e+00 140000.000 5.668 20.462 84.0000000
voigt FeII_2344,FeII_2382 1.8742167 1.8742857 0.0000374 12.870 0.093 28.387 6.262 0.0000000e+00 0.0000000e+00 140000.000 5.668 20.462 82.0000000
voigt FeII_2586,FeII_2600 1.8742068 1.8743069 0.0000226 12.492 0.201 8.632 3.679 0.0000000e+00 0.0000000e+00 140000.000 2.496 23.624 48.0000000
voigt FeII_2344,FeII_2382 1.8743614 1.8743727 0.0000020 12.492 0.049 3.430 0.378 0.0000000e+00 0.0000000e+00 140000.000 5.668 20.462 72.0000000
voigt FeII_2586,FeII_2600 1.8743600 1.8743810 0.0000017 12.478 0.152 3.337 0.630 0.0000000e+00 0.0000000e+00 140000.000 2.496 23.624 43.0000000
voigt FeII_2586,FeII_2600 1.8747508 1.8746383 0.0000132 13.462 0.125 7.037 0.688 0.0000000e+00 0.0000000e+00 140000.000 2.496 23.624 52.0000000
voigt FeII_2344,FeII_2382 1.8746705 1.8746749 0.0000012 13.734 0.015 9.194 0.159 0.0000000e+00 0.0000000e+00 140000.000 8.161 23.480 73.0000000
voigt FeII_2586,FeII_2600 1.8745651 1.8746827 0.0000023 13.342 0.095 2.274 0.465 0.0000000e+00 0.0000000e+00 140000.000 2.496 23.624 50.0000000
voigt FeII_2586,FeII_2600 1.8746156 1.8747317 0.0000188 13.200 0.185 7.174 1.020 0.0000000e+00 0.0000000e+00 140000.000 2.496 23.624 51.0000000
voigt FeII_2586,FeII_2600 1.8749511 1.8749426 0.0000008 13.209 0.011 5.559 0.117 0.0000000e+00 0.0000000e+00 140000.000 2.496 23.624 40.0000000
voigt FeII_2344,FeII_2382 1.8749344 1.8749449 0.0000012 13.210 0.016 5.607 0.161 0.0000000e+00 0.0000000e+00 140000.000 8.161 23.480 74.0000000
voigt FeII_2586,FeII_2600 1.8743522 1.8751580 0.0000033 12.305 0.040 5.867 0.546 0.0000000e+00 0.0000000e+00 140000.000 2.238 20.729 38.0000000
voigt FeII_2344,FeII_2382 1.8751315 1.8751624 0.0000034 12.257 0.053 4.601 0.572 0.0000000e+00 0.0000000e+00 140000.000 5.815 25.186 81.0000000
voigt FeII_2586,FeII_2600 1.8758347 1.8758516 0.0000034 11.857 0.173 2.608 0.891 0.0000000e+00 0.0000000e+00 140000.000 2.173 25.650 53.0000000
voigt FeII_2344,FeII_2382 1.8758420 1.8758894 0.0000208 12.506 0.249 7.630 2.091 0.0000000e+00 0.0000000e+00 140000.000 5.815 25.186 80.0000000
voigt FeII_2586,FeII_2600 1.8759266 1.8759225 0.0000008 12.587 0.026 2.087 0.148 0.0000000e+00 0.0000000e+00 140000.000 2.173 25.650 42.0000000
voigt FeII_2344,FeII_2382 1.8759106 1.8759276 0.0000011 12.529 0.060 1.578 0.276 0.0000000e+00 0.0000000e+00 140000.000 5.815 25.186 79.0000000
voigt FeII_2586,FeII_2600 1.8760592 1.8760298 0.0000198 12.891 0.037 20.644 2.419 0.0000000e+00 0.0000000e+00 140000.000 2.173 25.650 54.0000000
voigt FeII_2344,FeII_2382 1.8760861 1.8760999 0.0000011 13.819 0.041 4.940 0.231 0.0000000e+00 0.0000000e+00 140000.000 5.815 25.186 76.0000000
voigt FeII_2586,FeII_2600 1.8761200 1.8761034 0.0000006 13.919 0.031 4.533 0.107 0.0000000e+00 0.0000000e+00 140000.000 2.173 25.650 41.0000000
voigt FeII_2344,FeII_2382 1.8759297 1.8761244 0.0001070 12.510 0.374 18.684 7.387 0.0000000e+00 0.0000000e+00 140000.000 5.815 25.186 75.0000000
voigt CIV 3.0192488 3.0192361 0.0000094 12.378 0.035 10.799 1.056 0.0000000e+00 0.0000000e+00 140000.000 1.711 54.364 10.0000000
voigt CIV 3.0196453 3.0196423 0.0000038 12.835 0.014 11.369 0.454 0.0000000e+00 0.0000000e+00 140000.000 1.711 54.364 8.0000000
voigt CIV 3.0203977 3.0203919 0.0000135 12.493 0.035 15.687 1.568 0.0000000e+00 0.0000000e+00 140000.000 2.142 55.792 9.0000000
voigt CIV 3.0644309 3.0644293 0.0000083 12.911 0.026 14.683 1.071 0.0000000e+00 0.0000000e+00 140000.000 2.917 48.793 11.0000000
voigt CIV 3.0649123 3.0649128 0.0000132 12.933 0.051 14.305 1.856 0.0000000e+00 0.0000000e+00 140000.000 2.917 48.793 12.0000000
voigt CIV 3.1657429 3.1657594 0.0000085 13.168 0.035 8.932 0.661 0.0000000e+00 0.0000000e+00 140000.000 3.116 20.170 6.0000000
voigt CIV 3.1658970 3.1659272 0.0000085 12.704 0.102 5.374 0.752 0.0000000e+00 0.0000000e+00 140000.000 3.116 20.170 5.0000000
voigt CIV 3.1666921 3.1666799 0.0000020 14.690 0.014 25.976 0.330 0.0000000e+00 0.0000000e+00 140000.000 3.116 20.170 2.0000000
voigt CIV 3.1668918 3.1667699 0.0000250 14.913 0.622 8.381 1.952 0.0000000e+00 0.0000000e+00 140000.000 3.116 20.170 7.0000000
voigt CIV 3.1673682 3.1673955 0.0000038 12.986 0.024 7.289 0.393 0.0000000e+00 0.0000000e+00 140000.000 3.116 20.170 4.0000000
voigt CIV 3.1678306 3.1678237 0.0000022 13.201 0.012 6.906 0.218 0.0000000e+00 0.0000000e+00 140000.000 4.650 24.049 3.0000000
voigt CIV 3.3270220 3.3270688 0.0000019 13.206 0.009 8.046 0.195 0.0000000e+00 0.0000000e+00 140000.000 1.621 27.339 13.0000000
voigt CIV 3.3774462 3.3774509 0.0000146 12.864 0.065 10.312 0.973 0.0000000e+00 0.0000000e+00 140000.000 2.032 33.580 87.0000000
voigt CIV 3.3777458 3.3777587 0.0000111 13.224 0.029 13.583 0.824 0.0000000e+00 0.0000000e+00 140000.000 2.032 33.580 86.0000000
voigt CIV 3.5566109 3.5567485 0.0000543 13.037 0.079 28.258 4.805 0.0000000e+00 0.0000000e+00 140000.000 2.057 38.988 28.0000000
voigt CIV 3.5572099 3.5573041 0.0000120 13.217 0.047 17.148 0.899 0.0000000e+00 0.0000000e+00 140000.000 2.057 38.988 26.0000000
voigt CIV 3.5585110 3.5585409 0.0000186 12.927 0.038 20.799 2.130 0.0000000e+00 0.0000000e+00 140000.000 2.057 38.988 27.0000000
voigt CIV 3.5588022 3.5590285 0.0000242 12.602 0.057 15.000 0.000 0.0000000e+00 0.0000000e+00 140000.000 2.057 38.988 29.0000000
voigt CIV 3.5689581 3.5681804 0.0000449 12.658 0.135 12.102 3.332 0.0000000e+00 0.0000000e+00 140000.000 2.542 38.037 16.0000000
voigt CIV 3.5685894 3.5683539 0.0000023 13.072 0.044 4.525 0.279 0.0000000e+00 0.0000000e+00 140000.000 2.542 38.037 15.0000000
voigt CIV 3.5686191 3.5685604 0.0000171 12.879 0.073 11.487 2.056 0.0000000e+00 0.0000000e+00 140000.000 2.542 38.037 22.0000000
voigt CIV 3.5689235 3.5689478 0.0000093 12.749 0.043 9.353 1.020 0.0000000e+00 0.0000000e+00 140000.000 2.542 38.037 20.0000000
voigt CIV 3.5692726 3.5693863 0.0000080 12.883 0.029 11.701 1.013 0.0000000e+00 0.0000000e+00 140000.000 2.542 38.037 23.0000000
voigt CIV 3.5693946 3.5695974 0.0000083 11.777 0.261 1.705 1.102 0.0000000e+00 0.0000000e+00 140000.000 2.542 38.037 21.0000000
voigt SiIV 3.5696592 3.5696884 0.0000025 11.835 0.027 2.799 0.278 0.0000000e+00 0.0000000e+00 140000.000 0.944 38.420 89.0000000
voigt CIV 3.5693728 3.5697001 0.0000090 12.472 0.081 5.106 0.992 0.0000000e+00 0.0000000e+00 140000.000 2.542 38.037 18.0000000
voigt CIV 3.5700219 3.5701336 0.0000084 13.341 0.013 20.191 0.870 0.0000000e+00 0.0000000e+00 140000.000 2.542 38.037 19.0000000
voigt SiIV 3.5700594 3.5701844 0.0000154 12.321 0.232 11.761 2.774 0.0000000e+00 0.0000000e+00 140000.000 1.907 39.342 90.0000000
voigt CIV 3.5702331 3.5702449 0.0000054 12.357 0.078 3.618 0.615 0.0000000e+00 0.0000000e+00 140000.000 2.542 38.037 17.0000000
voigt SiIV 3.6581355 3.6582447 0.0000855 12.384 0.185 15.992 6.717 0.0000000e+00 0.0000000e+00 140000.000 3.573 29.021 25.0000000
voigt CIV 3.6582561 3.6583067 0.0000036 13.817 0.011 11.559 0.282 0.0000000e+00 0.0000000e+00 140000.000 7.148 30.967 61.0000000
voigt SiIV 3.6583488 3.6583605 0.0000034 12.590 0.064 4.244 0.440 0.0000000e+00 0.0000000e+00 140000.000 3.573 29.021 24.0000000
voigt CIV 3.6589034 3.6587954 0.0000399 12.795 0.117 16.793 4.766 0.0000000e+00 0.0000000e+00 140000.000 7.148 30.967 63.0000000
voigt CIV 3.6595339 3.6596060 0.0000169 13.466 0.021 28.718 1.694 0.0000000e+00 0.0000000e+00 140000.000 7.148 30.967 62.0000000
voigt CIV 3.7041721 3.7041432 0.0000068 12.539 0.103 4.199 0.808 0.0000000e+00 0.0000000e+00 140000.000 3.407 26.802 65.0000000
voigt CIV 3.7042871 3.7043391 0.0000063 13.568 0.013 15.617 0.377 0.0000000e+00 0.0000000e+00 140000.000 3.407 26.802 64.0000000
voigt CIV 3.7727168 3.7727001 0.0000120 12.674 0.034 11.711 1.085 0.0000000e+00 0.0000000e+00 140000.000 2.569 32.165 91.0000000
voigt CIV 3.7744167 3.7748320 0.0000206 12.735 0.045 16.759 2.244 0.0000000e+00 0.0000000e+00 140000.000 2.362 28.620 92.0000000
voigt CIV 3.7755694 3.7755669 0.0000177 12.865 0.068 13.699 1.517 0.0000000e+00 0.0000000e+00 140000.000 2.362 28.620 93.0000000
voigt CIV 3.7761462 3.7762006 0.0000234 13.170 0.056 25.612 4.144 0.0000000e+00 0.0000000e+00 140000.000 2.362 28.620 94.0000000
voigt CIV 3.8867625 3.8868336 0.0000045 12.612 0.056 4.456 0.488 0.0000000e+00 0.0000000e+00 140000.000 2.188 29.591 55.0000000
voigt CIV 3.8873657 3.8869181 0.0000543 13.308 0.061 27.538 4.057 0.0000000e+00 0.0000000e+00 140000.000 2.188 29.591 56.0000000
voigt CIV 3.8873821 3.8874179 0.0000172 12.985 0.124 14.191 1.603 0.0000000e+00 0.0000000e+00 140000.000 2.188 29.591 57.0000000
voigt CIV 3.9869063 3.9869788 0.0000028 12.999 0.025 5.638 0.282 0.0000000e+00 0.0000000e+00 140000.000 2.135 28.836 58.0000000
voigt CIV 3.9873302 3.9874426 0.0000404 13.124 0.082 19.517 3.523 0.0000000e+00 0.0000000e+00 140000.000 2.135 28.836 60.0000000
voigt CIV 3.9877326 3.9877528 0.0000048 12.973 0.090 7.726 0.801 0.0000000e+00 0.0000000e+00 140000.000 2.135 28.836 59.0000000
